 precision: 1.000000 recall: 1.000000 f1_score: 1.000000
 precision: 1.000000 recall: 1.000000 f1_score: 1.000000
 precision: 1.000000 recall: 1.000000 f1_score: 1.000000
